{
 "cells": [
  {
   "cell_type": "code",
   "execution_count": 3,
   "metadata": {},
   "outputs": [
    {
     "data": {
      "text/plain": [
       "array([[0.06414769, 0.17437149, 0.47399085, 0.28748998],\n",
       "       [0.04517666, 0.90739747, 0.00224921, 0.04517666],\n",
       "       [0.00522984, 0.34875873, 0.63547983, 0.0105316 ]])"
      ]
     },
     "execution_count": 3,
     "metadata": {},
     "output_type": "execute_result"
    }
   ],
   "source": [
    "import numpy as np\n",
    "inputs = [[1,2,3,2.5],[2.,5.,-1.,2],[-1.5,2.7,3.3,-0.8]]\n",
    "exp_values = np.exp(inputs)\n",
    "probabilities = exp_values/np.sum(exp_values,axis=1,keepdims=True)\n",
    "probabilities"
   ]
  },
  {
   "cell_type": "code",
   "execution_count": 10,
   "metadata": {},
   "outputs": [],
   "source": [
    "class ReLU:\n",
    "    def forward(self, inputs):\n",
    "        self.output = np.maximum(inputs,0)\n",
    "\n",
    "class Softmax:\n",
    "    def forward(self, inputs):\n",
    "        self.exp_values = np.exp(inputs)\n",
    "        self.output = self.exp_values/np.sum(self.exp_values,axis=1,keepdims=True)\n",
    "\n",
    "class DenseLayer:\n",
    "    def __init__(self, n_inputs, n_neurons):\n",
    "        self.weights = np.array(np.random.randn(n_inputs,n_neurons))\n",
    "        self.biases = np.array(np.random.randn(1,n_neurons))\n",
    "    \n",
    "    def forward(self,inputs):\n",
    "        self.output = np.dot(inputs,self.weights) + self.biases\n"
   ]
  },
  {
   "cell_type": "code",
   "execution_count": 8,
   "metadata": {},
   "outputs": [
    {
     "name": "stdout",
     "output_type": "stream",
     "text": [
      "(300, 2)\n"
     ]
    }
   ],
   "source": [
    "import nnfs\n",
    "from nnfs.datasets import spiral_data\n",
    "X,y = spiral_data(samples=100,classes=3)\n",
    "print(X.shape)"
   ]
  },
  {
   "cell_type": "code",
   "execution_count": 11,
   "metadata": {},
   "outputs": [
    {
     "data": {
      "text/plain": [
       "array([[0.25310778, 0.58829712, 0.15859509],\n",
       "       [0.25402623, 0.58647402, 0.15949975],\n",
       "       [0.25486328, 0.58480975, 0.16032697],\n",
       "       [0.25590187, 0.58274109, 0.16135705],\n",
       "       [0.25523009, 0.5840796 , 0.16069031],\n",
       "       [0.25526321, 0.58401365, 0.16072314],\n",
       "       [0.25751713, 0.57951563, 0.16296724],\n",
       "       [0.25935524, 0.57583294, 0.16481182],\n",
       "       [0.25999379, 0.57455053, 0.16545569],\n",
       "       [0.26119922, 0.57212523, 0.16667555],\n",
       "       [0.26241168, 0.56967998, 0.16790834],\n",
       "       [0.2620333 , 0.57044371, 0.16752299],\n",
       "       [0.26331359, 0.56785721, 0.1688292 ],\n",
       "       [0.26509173, 0.56425393, 0.17065434],\n",
       "       [0.24601517, 0.60227167, 0.15171316],\n",
       "       [0.25870326, 0.5771407 , 0.16415604],\n",
       "       [0.26762769, 0.55909247, 0.17327984],\n",
       "       [0.26600724, 0.56239366, 0.1715991 ],\n",
       "       [0.2578884 , 0.57877283, 0.16333876],\n",
       "       [0.26822337, 0.55787619, 0.17390044],\n",
       "       [0.25034914, 0.59375418, 0.15589668],\n",
       "       [0.26701018, 0.56035175, 0.17263806],\n",
       "       [0.24510328, 0.60405526, 0.15084146],\n",
       "       [0.25624576, 0.58205521, 0.16169903],\n",
       "       [0.25658276, 0.58138266, 0.16203458],\n",
       "       [0.25743289, 0.57968409, 0.16288302],\n",
       "       [0.24880074, 0.60574568, 0.14545358],\n",
       "       [0.26039375, 0.57374646, 0.1658598 ],\n",
       "       [0.28338757, 0.57898398, 0.13762845],\n",
       "       [0.24317599, 0.60781536, 0.14900865],\n",
       "       [0.24309147, 0.60797995, 0.14892858],\n",
       "       [0.24559849, 0.60308703, 0.15131448],\n",
       "       [0.29527866, 0.57002179, 0.13469955],\n",
       "       [0.24976507, 0.59490598, 0.15532895],\n",
       "       [0.26653567, 0.59280791, 0.14065642],\n",
       "       [0.27431431, 0.58688333, 0.13880236],\n",
       "       [0.31056093, 0.55822426, 0.1312148 ],\n",
       "       [0.31197806, 0.55727229, 0.13074965],\n",
       "       [0.31683096, 0.55233197, 0.13083708],\n",
       "       [0.31847415, 0.55096102, 0.13056483],\n",
       "       [0.31513021, 0.55314688, 0.13172291],\n",
       "       [0.32054469, 0.54911948, 0.13033583],\n",
       "       [0.2960395 , 0.56680559, 0.13715491],\n",
       "       [0.33036084, 0.54328555, 0.12635362],\n",
       "       [0.31187836, 0.55501252, 0.13310912],\n",
       "       [0.33511225, 0.53805199, 0.12683576],\n",
       "       [0.34085146, 0.53380698, 0.12534156],\n",
       "       [0.26300936, 0.56847243, 0.16851821],\n",
       "       [0.2462149 , 0.60188062, 0.15190449],\n",
       "       [0.28393445, 0.57510765, 0.14095789],\n",
       "       [0.34525632, 0.52993348, 0.1248102 ],\n",
       "       [0.34312975, 0.53134231, 0.12552794],\n",
       "       [0.28825947, 0.51603819, 0.19570235],\n",
       "       [0.24841716, 0.60087447, 0.15070837],\n",
       "       [0.2792726 , 0.53503525, 0.18569215],\n",
       "       [0.25416284, 0.5862026 , 0.15963457],\n",
       "       [0.25641318, 0.58172115, 0.16186567],\n",
       "       [0.25817715, 0.59343454, 0.14838831],\n",
       "       [0.27246496, 0.54917183, 0.17836321],\n",
       "       [0.30286466, 0.48425612, 0.21287922],\n",
       "       [0.32848435, 0.54127125, 0.1302444 ],\n",
       "       [0.2990951 , 0.49257519, 0.20832971],\n",
       "       [0.27699561, 0.53978703, 0.18321736],\n",
       "       [0.28947447, 0.51343879, 0.19708674],\n",
       "       [0.31064123, 0.46681316, 0.22254561],\n",
       "       [0.27780697, 0.53809658, 0.18409645],\n",
       "       [0.29923145, 0.49227576, 0.20849279],\n",
       "       [0.29094255, 0.51028768, 0.19876978],\n",
       "       [0.3140205 , 0.45910714, 0.22687235],\n",
       "       [0.31224651, 0.46316249, 0.224591  ],\n",
       "       [0.30561832, 0.47812415, 0.21625753],\n",
       "       [0.31649954, 0.45340209, 0.23009837],\n",
       "       [0.29501112, 0.50149443, 0.20349445],\n",
       "       [0.3180486 , 0.44981405, 0.23213735],\n",
       "       [0.3077821 , 0.47327194, 0.21894596],\n",
       "       [0.31435262, 0.45834544, 0.22730194],\n",
       "       [0.3131387 , 0.46112572, 0.22573558],\n",
       "       [0.28681997, 0.54841253, 0.1647675 ],\n",
       "       [0.29236282, 0.53332542, 0.17431176],\n",
       "       [0.26039618, 0.61167879, 0.12792503],\n",
       "       [0.27180401, 0.59320771, 0.13498828],\n",
       "       [0.30939826, 0.46962775, 0.22097398],\n",
       "       [0.320831  , 0.44332289, 0.23584611],\n",
       "       [0.30354483, 0.5078861 , 0.18856906],\n",
       "       [0.27781019, 0.59028282, 0.13190699],\n",
       "       [0.30802778, 0.4926148 , 0.19935741],\n",
       "       [0.27116167, 0.62083655, 0.10800178],\n",
       "       [0.32032746, 0.44450211, 0.23517043],\n",
       "       [0.24182997, 0.65452531, 0.10364472],\n",
       "       [0.4766089 , 0.43000595, 0.09338515],\n",
       "       [0.24887714, 0.65114545, 0.0999774 ],\n",
       "       [0.39564859, 0.49572972, 0.10862169],\n",
       "       [0.25597366, 0.64245259, 0.10157376],\n",
       "       [0.29766185, 0.56717503, 0.13516312],\n",
       "       [0.25734608, 0.6437199 , 0.09893402],\n",
       "       [0.50768724, 0.40496419, 0.08734856],\n",
       "       [0.38088117, 0.51198744, 0.10713138],\n",
       "       [0.30924248, 0.5980144 , 0.09274312],\n",
       "       [0.42275885, 0.47450921, 0.10273194],\n",
       "       [0.41247979, 0.48282291, 0.1046973 ],\n",
       "       [0.25310778, 0.58829712, 0.15859509],\n",
       "       [0.25218408, 0.59012749, 0.15768844],\n",
       "       [0.25141827, 0.59164258, 0.15693915],\n",
       "       [0.25033208, 0.59378784, 0.15588009],\n",
       "       [0.25016067, 0.59412598, 0.15571335],\n",
       "       [0.24900971, 0.59639374, 0.15459655],\n",
       "       [0.24765516, 0.59905652, 0.15328831],\n",
       "       [0.24680653, 0.60072143, 0.15247204],\n",
       "       [0.24882557, 0.59675611, 0.15441831],\n",
       "       [0.24504537, 0.60416843, 0.15078619],\n",
       "       [0.2437763 , 0.60664555, 0.14957814],\n",
       "       [0.24621055, 0.60188912, 0.15190032],\n",
       "       [0.25706956, 0.58041036, 0.16252008],\n",
       "       [0.24328939, 0.60759447, 0.14911614],\n",
       "       [0.25000067, 0.6034095 , 0.14658983],\n",
       "       [0.24532692, 0.60361812, 0.15105497],\n",
       "       [0.24561082, 0.60306291, 0.15132627],\n",
       "       [0.24587345, 0.60254904, 0.1515775 ],\n",
       "       [0.24652984, 0.6012637 , 0.15220646],\n",
       "       [0.24909059, 0.59623454, 0.15467487],\n",
       "       [0.26769253, 0.55896015, 0.17334732],\n",
       "       [0.26242622, 0.56965062, 0.16792316],\n",
       "       [0.26383828, 0.56679529, 0.16936642],\n",
       "       [0.26386886, 0.56673336, 0.16939777],\n",
       "       [0.27248446, 0.54913163, 0.17838391],\n",
       "       [0.25983857, 0.57486241, 0.16529902],\n",
       "       [0.26668068, 0.56102306, 0.17229626],\n",
       "       [0.25845508, 0.57763807, 0.16390685],\n",
       "       [0.27877694, 0.53607167, 0.18515139],\n",
       "       [0.27950007, 0.53455922, 0.18594071],\n",
       "       [0.28028352, 0.53291783, 0.18679865],\n",
       "       [0.28056061, 0.53233662, 0.18710277],\n",
       "       [0.28262659, 0.52799152, 0.1893819 ],\n",
       "       [0.27593391, 0.54199453, 0.18207157],\n",
       "       [0.28432965, 0.52439416, 0.19127619],\n",
       "       [0.28500772, 0.52295791, 0.19203437],\n",
       "       [0.28462097, 0.52377737, 0.19160166],\n",
       "       [0.28479184, 0.52341542, 0.19179274],\n",
       "       [0.28798172, 0.51663133, 0.19538695],\n",
       "       [0.28888237, 0.51470649, 0.19641114],\n",
       "       [0.28964507, 0.51307319, 0.19728174],\n",
       "       [0.25871233, 0.57712253, 0.16416515],\n",
       "       [0.29153119, 0.50902099, 0.19944781],\n",
       "       [0.27936458, 0.5348428 , 0.18579262],\n",
       "       [0.27629839, 0.54123726, 0.18246434],\n",
       "       [0.27473301, 0.54448527, 0.18078172],\n",
       "       [0.26203909, 0.57043204, 0.16752888],\n",
       "       [0.24307508, 0.60801188, 0.14891305],\n",
       "       [0.27237015, 0.54936723, 0.17826262],\n",
       "       [0.25823443, 0.57808006, 0.16368551],\n",
       "       [0.26225185, 0.59730659, 0.14044157],\n",
       "       [0.26236098, 0.56978235, 0.16785667],\n",
       "       [0.25808744, 0.5783744 , 0.16353816],\n",
       "       [0.26359822, 0.56728128, 0.16912049],\n",
       "       [0.25104313, 0.60611662, 0.14284025],\n",
       "       [0.34522176, 0.53292778, 0.12185047],\n",
       "       [0.24515179, 0.61071362, 0.14413459],\n",
       "       [0.34589964, 0.53259158, 0.12150878],\n",
       "       [0.34654292, 0.53217684, 0.12128025],\n",
       "       [0.34768774, 0.53136081, 0.12095145],\n",
       "       [0.39127548, 0.49586581, 0.1128587 ],\n",
       "       [0.33228337, 0.54374077, 0.12397586],\n",
       "       [0.35574376, 0.52522371, 0.11903253],\n",
       "       [0.4016677 , 0.48711978, 0.11121252],\n",
       "       [0.40382062, 0.48527527, 0.11090411],\n",
       "       [0.36844316, 0.51107551, 0.12048133],\n",
       "       [0.38303996, 0.50010089, 0.11685914],\n",
       "       [0.41233281, 0.47978825, 0.10787894],\n",
       "       [0.39576859, 0.49364847, 0.11058294],\n",
       "       [0.41136748, 0.47874206, 0.10989045],\n",
       "       [0.40606687, 0.48250563, 0.1114275 ],\n",
       "       [0.41888209, 0.47289867, 0.10821925],\n",
       "       [0.31717228, 0.54874799, 0.13407973],\n",
       "       [0.28724098, 0.57087491, 0.14188411],\n",
       "       [0.44102755, 0.45656485, 0.1024076 ],\n",
       "       [0.41128901, 0.47801519, 0.11069579],\n",
       "       [0.30467978, 0.55774099, 0.13757923],\n",
       "       [0.32472886, 0.54275089, 0.13252024],\n",
       "       [0.44331992, 0.45374818, 0.1029319 ],\n",
       "       [0.37374495, 0.50588193, 0.12037312],\n",
       "       [0.31654579, 0.54863094, 0.13482327],\n",
       "       [0.25377219, 0.58697861, 0.1592492 ],\n",
       "       [0.27386087, 0.5462901 , 0.17984903],\n",
       "       [0.38991702, 0.49338349, 0.11669949],\n",
       "       [0.33488422, 0.53466038, 0.13045541],\n",
       "       [0.24886978, 0.59821125, 0.15291897],\n",
       "       [0.29120851, 0.50971559, 0.1990759 ],\n",
       "       [0.30112525, 0.48810543, 0.21076932],\n",
       "       [0.29401348, 0.50365894, 0.20232758],\n",
       "       [0.31459887, 0.45843534, 0.22696579],\n",
       "       [0.32680456, 0.42917399, 0.24402144],\n",
       "       [0.31321226, 0.46095754, 0.22583019],\n",
       "       [0.32305517, 0.43808966, 0.23885517],\n",
       "       [0.3329451 , 0.41429925, 0.25275565],\n",
       "       [0.3135997 , 0.46007112, 0.22632918],\n",
       "       [0.33020563, 0.42097905, 0.24881532],\n",
       "       [0.33058391, 0.42006098, 0.24935511],\n",
       "       [0.32413222, 0.44833469, 0.2275331 ],\n",
       "       [0.32285001, 0.49429492, 0.18285507],\n",
       "       [0.32882508, 0.42431829, 0.24685663],\n",
       "       [0.25310778, 0.58829712, 0.15859509],\n",
       "       [0.25403336, 0.58645986, 0.15950678],\n",
       "       [0.25468017, 0.58517404, 0.16014579],\n",
       "       [0.25385792, 0.58680835, 0.15933373],\n",
       "       [0.25672812, 0.58109243, 0.16217946],\n",
       "       [0.25775433, 0.57904114, 0.16320453],\n",
       "       [0.25859116, 0.57736539, 0.16404345],\n",
       "       [0.25326327, 0.5879887 , 0.15874803],\n",
       "       [0.25284764, 0.58881294, 0.15833943],\n",
       "       [0.25875075, 0.5770455 , 0.16420375],\n",
       "       [0.26142504, 0.57167025, 0.16690471],\n",
       "       [0.25640298, 0.5817415 , 0.16185552],\n",
       "       [0.25943315, 0.57567655, 0.16489029],\n",
       "       [0.25041055, 0.59363299, 0.15595646],\n",
       "       [0.25186713, 0.59075481, 0.15737806],\n",
       "       [0.24467978, 0.60790206, 0.14741816],\n",
       "       [0.24399377, 0.60622148, 0.14978476],\n",
       "       [0.24750116, 0.59935885, 0.15313999],\n",
       "       [0.24518174, 0.60390192, 0.15091634],\n",
       "       [0.26387647, 0.59289583, 0.1432277 ],\n",
       "       [0.25212198, 0.60266524, 0.14521278],\n",
       "       [0.25032172, 0.60415202, 0.14552626],\n",
       "       [0.25075282, 0.60391224, 0.14533494],\n",
       "       [0.24310096, 0.60984101, 0.14705803],\n",
       "       [0.27243551, 0.58588129, 0.1416832 ],\n",
       "       [0.28093187, 0.58018732, 0.1388808 ],\n",
       "       [0.26855724, 0.59049787, 0.14094488],\n",
       "       [0.2866303 , 0.57594617, 0.13742354],\n",
       "       [0.28861475, 0.57402025, 0.13736501],\n",
       "       [0.2820762 , 0.57833362, 0.13959018],\n",
       "       [0.27487159, 0.58338915, 0.14173926],\n",
       "       [0.29835426, 0.56677525, 0.13487049],\n",
       "       [0.27031469, 0.58649961, 0.1431857 ],\n",
       "       [0.24995835, 0.60124511, 0.14879654],\n",
       "       [0.26889113, 0.58735938, 0.14374949],\n",
       "       [0.30630886, 0.56026466, 0.13342648],\n",
       "       [0.2654649 , 0.58969203, 0.14484308],\n",
       "       [0.31052192, 0.55692249, 0.13255559],\n",
       "       [0.25055545, 0.59334702, 0.15609753],\n",
       "       [0.26265885, 0.59150319, 0.14583796],\n",
       "       [0.25900619, 0.59409717, 0.14689664],\n",
       "       [0.27442366, 0.54512583, 0.1804505 ],\n",
       "       [0.27638346, 0.54106045, 0.18255609],\n",
       "       [0.26265124, 0.56919615, 0.16815261],\n",
       "       [0.27027531, 0.55367496, 0.17604973],\n",
       "       [0.26991231, 0.55441949, 0.1756682 ],\n",
       "       [0.27822122, 0.53723233, 0.18454645],\n",
       "       [0.26327856, 0.56792806, 0.16879338],\n",
       "       [0.28341318, 0.52633177, 0.19025505],\n",
       "       [0.29170003, 0.50865735, 0.19964263],\n",
       "       [0.28215782, 0.52897922, 0.18886296],\n",
       "       [0.29724669, 0.49662383, 0.20612948],\n",
       "       [0.29559135, 0.500233  , 0.20417565],\n",
       "       [0.30094759, 0.48849757, 0.21055484],\n",
       "       [0.2998916 , 0.49082445, 0.20928395],\n",
       "       [0.3017846 , 0.48664844, 0.21156695],\n",
       "       [0.30391241, 0.48192853, 0.21415906],\n",
       "       [0.27709854, 0.53957275, 0.18332871],\n",
       "       [0.28480131, 0.52339534, 0.19180334],\n",
       "       [0.29604492, 0.49924561, 0.20470947],\n",
       "       [0.29520268, 0.50107817, 0.20371915],\n",
       "       [0.30819927, 0.47233294, 0.21946779],\n",
       "       [0.30897191, 0.47059079, 0.2204373 ],\n",
       "       [0.29564694, 0.50011203, 0.20424102],\n",
       "       [0.29721971, 0.49668278, 0.20609751],\n",
       "       [0.29619997, 0.49890781, 0.20489222],\n",
       "       [0.28599437, 0.52086395, 0.19314168],\n",
       "       [0.2972473 , 0.4966225 , 0.2061302 ],\n",
       "       [0.2842822 , 0.52449458, 0.19122323],\n",
       "       [0.29187837, 0.50827304, 0.19984859],\n",
       "       [0.24792142, 0.61150958, 0.14056901],\n",
       "       [0.31062631, 0.46684701, 0.22252668],\n",
       "       [0.28334365, 0.54103315, 0.17562321],\n",
       "       [0.31216966, 0.46333767, 0.22449268],\n",
       "       [0.26001837, 0.60142457, 0.13855705],\n",
       "       [0.24129729, 0.63111779, 0.12758492],\n",
       "       [0.33523181, 0.54255615, 0.12221204],\n",
       "       [0.39335001, 0.4964899 , 0.11016008],\n",
       "       [0.30143786, 0.57052751, 0.12803463],\n",
       "       [0.37836385, 0.5086324 , 0.11300376],\n",
       "       [0.34485937, 0.53526103, 0.1198796 ],\n",
       "       [0.24276621, 0.64088506, 0.11634873],\n",
       "       [0.24467569, 0.64036905, 0.11495526],\n",
       "       [0.26613809, 0.61017923, 0.12368268],\n",
       "       [0.43523185, 0.46333036, 0.10143778],\n",
       "       [0.4070948 , 0.48611974, 0.10678546],\n",
       "       [0.42405289, 0.47255519, 0.10339192],\n",
       "       [0.47918337, 0.42753326, 0.09328337],\n",
       "       [0.45170488, 0.45032414, 0.09797097],\n",
       "       [0.48276263, 0.42488399, 0.09235338],\n",
       "       [0.41804837, 0.4777099 , 0.10424173],\n",
       "       [0.46449618, 0.43621028, 0.09929354],\n",
       "       [0.32491869, 0.54153888, 0.13354243],\n",
       "       [0.50446842, 0.40596284, 0.08956874],\n",
       "       [0.5032712 , 0.40661928, 0.09010952],\n",
       "       [0.39347362, 0.48979165, 0.11673473],\n",
       "       [0.51630669, 0.39666066, 0.08703265],\n",
       "       [0.52320896, 0.39182397, 0.08496707],\n",
       "       [0.36700631, 0.50956312, 0.12343057],\n",
       "       [0.3223556 , 0.5429643 , 0.1346801 ]])"
      ]
     },
     "execution_count": 11,
     "metadata": {},
     "output_type": "execute_result"
    }
   ],
   "source": [
    "dense1 = DenseLayer(2,4)\n",
    "activation1 = ReLU()\n",
    "dense2 = DenseLayer(4,3)\n",
    "activation2 = Softmax()\n",
    "\n",
    "dense1.forward(X)\n",
    "activation1.forward(dense1.output)\n",
    "dense2.forward(activation1.output)\n",
    "activation2.forward(dense2.output)\n",
    "activation2.output\n"
   ]
  },
  {
   "cell_type": "code",
   "execution_count": null,
   "metadata": {},
   "outputs": [],
   "source": []
  }
 ],
 "metadata": {
  "kernelspec": {
   "display_name": "Python 3",
   "language": "python",
   "name": "python3"
  },
  "language_info": {
   "codemirror_mode": {
    "name": "ipython",
    "version": 3
   },
   "file_extension": ".py",
   "mimetype": "text/x-python",
   "name": "python",
   "nbconvert_exporter": "python",
   "pygments_lexer": "ipython3",
   "version": "3.11.0"
  }
 },
 "nbformat": 4,
 "nbformat_minor": 2
}
